:MAPCT,16
:STAGE,1,8,7
{
0,0,0,0,0,0,0,0,
0,0,1,1,1,1,1,0,
0,1,1,8,18,2,1,0,
0,1,2,6,6,2,1,0,
0,1,8,2,2,1,1,0,
0,1,1,1,1,1,0,0,
0,0,0,0,0,0,0,0,
}
:STAGE,2,10,10
{
0,0,0,0,0,0,0,0,0,0,
0,0,0,1,1,1,0,0,0,0,
0,0,0,1,8,1,0,0,0,0,
0,0,0,1,2,1,1,1,1,0,
0,1,1,1,6,2,6,8,1,0,
0,1,8,2,6,18,1,1,1,0,
0,1,1,1,1,6,1,0,0,0,
0,0,0,0,1,8,1,0,0,0,
0,0,0,0,1,1,1,0,0,0,
0,0,0,0,0,0,0,0,0,0,
}
:STAGE,3,12,8
{
0,0,0,0,0,0,0,0,0,0,0,0,
0,1,1,1,1,1,1,1,1,1,1,0,
0,1,2,2,2,8,6,2,2,2,1,0,
0,1,2,6,1,1,2,1,1,2,1,0,
0,1,2,8,18,2,6,2,2,2,1,0,
0,1,2,2,2,2,8,1,2,2,1,0,
0,1,1,1,1,1,1,1,1,1,1,0,
0,0,0,0,0,0,0,0,0,0,0,0,
}
:STAGE,4,10,9
{
0,0,0,0,0,0,0,0,0,0,
0,0,1,1,1,1,0,0,0,0,
0,0,1,18,2,1,1,1,1,0,
0,1,1,6,6,2,2,2,1,0,
0,1,2,2,6,2,1,2,1,0,
0,1,2,1,2,8,8,8,1,0,
0,1,2,2,2,1,1,1,1,0,
0,1,1,1,1,1,0,0,0,0,
0,0,0,0,0,0,0,0,0,0,
}
:STAGE,5,10,10
{
0,0,0,0,0,0,0,0,0,0,
0,1,1,1,1,1,1,1,1,0,
0,1,2,2,8,2,1,1,1,0,
0,1,2,2,2,2,1,1,1,0,
0,1,8,1,6,6,8,2,1,0,
0,1,2,2,2,1,1,2,1,0,
0,1,18,6,2,1,1,2,1,0,
0,1,1,1,2,2,2,2,1,0,
0,1,1,1,1,1,1,1,1,0,
0,0,0,0,0,0,0,0,0,0,
}
:STAGE,6,12,9
{
0,0,0,0,0,0,0,0,0,0,0,0,
0,0,1,1,1,1,1,1,1,0,0,0,
0,0,1,2,2,2,2,2,1,1,1,0,
0,1,1,6,1,1,1,2,2,2,1,0,
0,1,2,18,2,6,2,2,6,2,1,0,
0,1,2,8,8,1,2,6,2,1,1,0,
0,1,1,8,8,1,2,2,2,1,0,0,
0,0,1,1,1,1,1,1,1,1,0,0,
0,0,0,0,0,0,0,0,0,0,0,0,
}
:STAGE,7,9,10
{
0,0,0,0,0,0,0,0,0,
0,0,0,0,1,1,1,1,0,
0,1,1,1,1,2,2,1,0,
0,1,2,2,1,6,8,1,0,
0,1,2,2,2,6,8,1,0,
0,1,2,2,1,6,8,1,0,
0,1,1,2,1,2,2,1,0,
0,0,1,2,2,18,2,1,0,
0,0,1,1,1,1,1,1,0,
0,0,0,0,0,0,0,0,0,
}
:STAGE,8,12,12
{
0,0,0,0,0,0,0,0,0,0,0,0,
0,0,0,1,1,1,1,1,1,1,0,0,
0,0,0,1,2,2,2,2,2,1,0,0,
0,0,0,1,2,1,1,1,2,1,1,0,
0,0,0,1,2,1,2,6,2,2,1,0,
0,0,0,1,2,2,8,8,2,2,1,0,
0,0,0,1,2,1,8,8,1,1,1,0,
0,1,1,1,2,1,1,2,1,0,0,0,
0,1,2,6,6,6,2,2,1,0,0,0,
0,1,2,18,2,1,2,2,1,0,0,0,
0,1,1,1,1,1,1,1,1,0,0,0,
0,0,0,0,0,0,0,0,0,0,0,0,
}
:STAGE,9,10,11
{
0,0,0,0,0,0,0,0,0,0,
0,1,1,1,1,1,1,1,1,0,
0,1,18,2,1,2,2,2,1,0,
0,1,2,6,6,2,2,2,1,0,
0,1,2,2,1,1,2,1,1,0,
0,1,1,6,1,1,8,8,1,0,
0,1,2,2,2,6,8,8,1,0,
0,1,2,1,2,1,1,2,1,0,
0,1,2,2,2,2,2,2,1,0,
0,1,1,1,1,1,1,1,1,0,
0,0,0,0,0,0,0,0,0,0,
}
:STAGE,10,10,11
{
0,0,0,0,0,0,0,0,0,0,
0,0,0,1,1,1,1,1,0,0,
0,1,1,1,2,2,2,1,0,0,
0,1,8,18,6,2,2,1,0,0,
0,1,1,1,2,6,8,1,0,0,
0,1,8,1,1,6,2,1,0,0,
0,1,2,1,2,8,2,1,1,0,
0,1,6,2,12,6,6,8,1,0,
0,1,2,2,2,8,2,2,1,0,
0,1,1,1,1,1,1,1,1,0,
0,0,0,0,0,0,0,0,0,0,
}
:STAGE,11,19,11
{
0,0,0,0,1,1,1,1,1,0,0,0,0,0,0,0,0,0,0,
0,0,0,0,1,2,2,2,1,0,0,0,0,0,0,0,0,0,0,
0,0,0,0,1,6,2,2,1,0,0,0,0,0,0,0,0,0,0,
0,0,1,1,1,2,2,6,1,1,0,0,0,0,0,0,0,0,0,
0,0,1,2,2,6,2,6,2,1,0,0,0,0,0,0,0,0,0,
1,1,1,2,1,2,1,1,2,1,0,0,0,1,1,1,1,1,1,
1,2,2,2,1,2,1,1,2,1,1,1,1,1,2,2,8,8,1,
1,2,6,2,2,6,2,2,2,2,2,2,2,2,2,2,8,8,1,
1,1,1,1,1,2,1,1,1,2,1,18,1,1,2,2,8,8,1,
0,0,0,0,1,2,2,2,2,2,1,1,1,1,1,1,1,1,1,
0,0,0,0,1,1,1,1,1,1,1,0,0,0,0,0,0,0,0,
}
:STAGE,12,16,14
{
0,0,0,0,0,0,0,0,0,0,0,0,0,0,0,0,
0,1,1,1,1,1,0,0,0,0,1,1,1,1,1,0,
0,1,2,2,2,1,1,1,1,1,1,2,2,2,1,0,
0,1,2,2,2,2,2,2,2,2,2,2,1,2,1,0,
0,1,1,2,1,1,1,1,1,1,1,2,1,2,1,0,
0,0,1,2,1,2,2,2,2,2,1,2,1,2,1,0,
0,0,1,2,1,6,6,2,8,8,8,8,8,2,1,0,
0,1,1,2,1,2,2,2,1,1,1,1,1,1,1,0,
0,1,2,2,1,6,1,18,1,0,0,0,0,0,0,0,
0,1,2,6,2,6,2,2,1,0,0,0,0,0,0,0,
0,1,2,2,1,2,2,1,1,0,0,0,0,0,0,0,
0,1,1,1,1,2,2,1,0,0,0,0,0,0,0,0,
0,0,0,0,1,1,1,1,0,0,0,0,0,0,0,0,
0,0,0,0,0,0,0,0,0,0,0,0,0,0,0,0,
}
:STAGE,13,15,13
{
0,0,0,0,0,0,0,0,0,0,0,0,0,0,0,
0,0,0,0,1,1,1,1,1,1,1,0,0,0,0,
0,1,1,1,1,2,2,2,2,2,1,0,0,0,0,
0,1,2,2,2,8,1,1,1,2,1,1,0,0,0,
0,1,2,1,2,1,2,2,2,2,2,1,0,0,0,
0,1,2,1,2,6,2,6,1,8,2,1,0,0,0,
0,1,2,1,2,2,12,2,2,1,2,1,0,0,0,
0,1,2,8,1,6,2,6,2,1,2,1,0,0,0,
0,1,1,2,2,2,2,1,2,1,2,1,1,1,0,
0,0,1,2,1,1,1,8,18,2,2,2,2,1,0,
0,0,1,2,2,2,2,2,1,1,2,2,2,1,0,
0,0,1,1,1,1,1,1,1,1,1,1,1,1,0,
0,0,0,0,0,0,0,0,0,0,0,0,0,0,0,
}
:STAGE,14,16,12
{
0,0,0,0,0,0,0,0,0,0,0,0,0,0,0,0,
0,1,1,1,1,1,1,1,1,1,1,1,1,0,0,0,
0,1,8,8,2,2,1,2,2,2,2,2,1,1,1,0,
0,1,8,8,2,2,1,2,6,2,2,6,2,2,1,0,
0,1,8,8,2,2,1,6,1,1,1,1,2,2,1,0,
0,1,8,8,2,2,2,2,2,2,1,1,2,2,1,0,
0,1,8,8,2,2,1,2,1,2,2,6,2,1,1,0,
0,1,1,1,1,1,1,18,1,1,6,2,6,2,1,0,
0,0,0,1,2,6,2,2,6,2,6,2,6,2,1,0,
0,0,0,1,2,2,2,2,1,2,2,2,2,2,1,0,
0,0,0,1,1,1,1,1,1,1,1,1,1,1,1,0,
0,0,0,0,0,0,0,0,0,0,0,0,0,0,0,0,
}
:STAGE,15,12,12
{
0,0,0,0,0,0,0,0,0,0,0,0,
0,1,1,1,1,0,0,0,0,0,0,0,
0,1,2,2,1,1,1,1,1,1,1,0,
0,1,2,2,8,2,2,2,2,2,1,0,
0,1,2,2,1,6,6,6,6,6,1,0,
0,1,2,1,1,8,8,8,8,8,1,0,
0,1,2,2,1,2,2,6,2,2,1,0,
0,1,1,2,1,1,1,1,2,1,1,0,
0,1,2,2,2,2,2,2,2,2,1,0,
0,1,2,2,2,1,1,2,2,18,1,0,
0,1,1,1,1,1,1,1,1,1,1,0,
0,0,0,0,0,0,0,0,0,0,0,0,
}
:STAGE,16,17,17
{
0,0,0,0,0,0,0,0,0,0,0,0,0,0,0,0,0,
0,1,1,1,1,1,1,1,0,0,0,0,0,0,0,0,0,
0,1,2,2,2,2,2,1,0,0,0,0,0,0,0,0,0,
0,1,2,6,2,6,2,1,0,1,1,1,1,0,0,0,0,
0,1,2,2,2,6,2,1,0,1,2,2,1,1,0,0,0,
0,1,2,6,6,6,6,1,1,1,2,2,2,1,0,0,0,
0,1,2,2,2,6,8,8,8,8,8,2,2,1,0,0,0,
0,1,1,1,1,1,8,1,1,1,8,1,1,1,0,0,0,
0,0,0,0,0,1,8,1,2,1,8,1,0,0,0,0,0,
0,0,0,0,0,1,8,1,1,1,8,1,1,1,1,1,0,
0,0,0,0,0,1,8,8,8,8,8,6,2,2,2,1,0,
0,0,0,0,0,1,1,1,1,1,6,6,6,6,2,1,0,
0,0,0,0,0,0,0,0,0,1,2,6,2,2,2,1,0,
0,0,0,0,0,0,0,0,0,1,2,6,2,6,2,1,0,
0,0,0,0,0,0,0,0,0,1,2,2,2,2,2,1,0,
0,0,0,0,0,0,0,0,0,1,1,1,1,1,1,1,0,
0,0,0,0,0,0,0,0,0,0,0,0,0,0,0,0,0,
}